0 0 0 0 0 0 0 0 0 0 0 steals=0
104 18 0 0 0 0 0 0 0 0 0 steals=0
208 18 0 0 0 0 0 0 0 0 0 steals=0
313 18 0 0 0 0 0 0 0 0 0 steals=0
414 18 0 0 0 0 0 0 0 0 0 steals=0
519 18 0 0 0 0 0 0 0 0 0 steals=0
623 18 0 0 0 0 0 0 0 0 0 steals=0
727 18 0 0 0 0 0 0 0 0 0 steals=0
832 18 0 0 0 0 0 0 0 0 0 steals=0
933 18 0 0 0 0 0 0 0 0 0 steals=0
1038 18 0 0 0 0 0 0 0 0 0 steals=0
1143 18 0 0 0 0 0 0 0 0 0 steals=0
1248 18 0 0 0 0 0 0 0 0 0 steals=0
1351 18 0 0 0 0 0 0 0 0 0 steals=0
1454 18 0 0 0 0 0 0 0 0 0 steals=0
1558 18 0 0 0 0 0 0 0 0 0 steals=0
1659 18 0 0 0 0 0 0 0 0 0 steals=0
1764 18 0 0 0 0 0 0 0 0 0 steals=0
1867 18 0 0 0 0 0 0 0 0 0 steals=0
1972 18 0 0 0 0 0 0 0 0 0 steals=0
2076 18 0 0 0 0 0 0 0 0 0 steals=0
2179 18 0 0 0 0 0 0 0 0 0 steals=0
2284 18 0 0 0 0 0 0 0 0 0 steals=0
2384 18 0 0 0 0 0 0 0 0 0 steals=0
2485 18 0 0 0 0 0 0 0 0 0 steals=0
2590 18 0 0 0 0 0 0 0 0 0 steals=0
2692 18 0 0 0 0 0 0 0 0 0 steals=0
2793 18 0 0 0 0 0 0 0 0 0 steals=0
2897 18 0 0 0 0 0 0 0 0 0 steals=0
3002 18 0 0 0 0 0 0 0 0 0 steals=0
3104 18 0 0 0 0 0 0 0 0 0 steals=0
3207 10 0 0 0 0 0 0 0 0 0 steals=0
3311 0 0 0 0 0 0 0 0 0 0 steals=0
3413 0 0 0 0 0 0 0 0 0 0 steals=0
3518 0 0 0 0 0 0 0 0 0 0 steals=0
3623 0 0 0 0 0 0 0 0 0 0 steals=0
3727 0 0 0 0 0 0 0 0 0 0 steals=0
3832 0 0 0 0 0 0 0 0 0 0 steals=0
3934 0 0 0 0 0 0 0 0 0 0 steals=0
4039 0 0 0 0 0 0 0 0 0 0 steals=0
4144 0 0 0 0 0 0 0 0 0 0 steals=0
4246 0 0 0 0 0 0 0 0 0 0 steals=0
4351 0 0 0 0 0 0 0 0 0 0 steals=0
4454 0 0 0 0 0 0 0 0 0 0 steals=0
4558 0 0 0 0 0 0 0 0 0 0 steals=0
4659 0 0 0 0 0 0 0 0 0 0 steals=0
4764 0 0 0 0 0 0 0 0 0 0 steals=0
4869 0 0 0 0 0 0 0 0 0 0 steals=0
4974 0 0 0 0 0 0 0 0 0 0 steals=0
5079 0 0 0 0 0 0 0 0 0 0 steals=0
5182 0 0 0 0 0 0 0 0 0 0 steals=0
5284 0 0 0 0 0 0 0 0 0 0 steals=0
5384 0 0 0 0 0 0 0 0 0 0 steals=0
5489 0 0 0 0 0 0 0 0 0 0 steals=0
5593 0 0 0 0 0 0 0 0 0 0 steals=0
5696 0 0 0 0 0 0 0 0 0 0 steals=0
5801 0 0 0 0 0 0 0 0 0 0 steals=0
5904 0 0 0 0 0 0 0 0 0 0 steals=0
6010 0 0 0 0 0 0 0 0 0 0 steals=0
6113 0 0 0 0 0 0 0 0 0 0 steals=0
6218 0 0 0 0 0 0 0 0 0 0 steals=0
6322 4 0 0 0 0 0 0 0 0 0 steals=0
6423 4 0 0 0 0 0 0 0 0 0 steals=0
6526 4 0 0 0 0 0 0 0 0 0 steals=0
6627 4 0 0 0 0 0 0 0 0 0 steals=0
6730 4 0 0 0 0 0 0 0 0 0 steals=0
6834 4 0 0 0 0 0 0 0 0 0 steals=0
6936 4 0 0 0 0 0 0 0 0 0 steals=0
7041 4 0 0 0 0 0 0 0 0 0 steals=0
7146 4 0 0 0 0 0 0 0 0 0 steals=0
7251 4 0 0 0 0 0 0 0 0 0 steals=0
7356 4 0 0 0 0 0 0 0 0 0 steals=0
7461 4 0 0 0 0 0 0 0 0 0 steals=0
7563 4 0 0 0 0 0 0 0 0 0 steals=0
7665 4 0 0 0 0 0 0 0 0 0 steals=0
7766 4 0 0 0 0 0 0 0 0 0 steals=0
7871 4 0 0 0 0 0 0 0 0 0 steals=0
7975 4 0 0 0 0 0 0 0 0 0 steals=0
8076 4 0 0 0 0 0 0 0 0 0 steals=0
8179 4 0 0 0 0 0 0 0 0 0 steals=0
8284 4 0 0 0 0 0 0 0 0 0 steals=0
8389 4 0 0 0 0 0 0 0 0 0 steals=0
8493 4 0 0 0 0 0 0 0 0 0 steals=0
8598 4 0 0 0 0 0 0 0 0 0 steals=0
8701 4 0 0 0 0 0 0 0 0 0 steals=0
8805 4 0 0 0 0 0 0 0 0 0 steals=0
8909 4 0 0 0 0 0 0 0 0 0 steals=0
9015 4 0 0 0 0 0 0 0 0 0 steals=0
9117 5 0 0 0 0 0 0 0 0 0 steals=0
9218 4 0 0 0 0 0 0 0 0 0 steals=0
9323 4 0 0 0 0 0 0 0 0 0 steals=0
9427 4 0 0 0 0 0 0 0 0 0 steals=0
9532 4 0 0 0 0 0 0 0 0 0 steals=0
9634 4 0 0 0 0 0 0 0 0 0 steals=0
9739 4 0 0 0 0 0 0 0 0 0 steals=0
9845 4 0 0 0 0 0 0 0 0 0 steals=0
9948 4 0 0 0 0 0 0 0 0 0 steals=0
10052 4 0 0 0 0 0 0 0 0 0 steals=0
10157 4 0 0 0 0 0 0 0 0 0 steals=0
10260 4 0 0 0 0 0 0 0 0 0 steals=0
10365 4 0 0 0 0 0 0 0 0 0 steals=0
10468 4 0 0 0 0 0 0 0 0 0 steals=0
10572 4 0 0 0 0 0 0 0 0 0 steals=0
10676 4 0 0 0 0 0 0 0 0 0 steals=0
10781 4 0 0 0 0 0 0 0 0 0 steals=0
10884 4 0 0 0 0 0 0 0 0 0 steals=0
10988 4 0 0 0 0 0 0 0 0 0 steals=0
11093 4 0 0 0 0 0 0 0 0 0 steals=0
11196 4 0 0 0 0 0 0 0 0 0 steals=0
11297 4 0 0 0 0 0 0 0 0 0 steals=0
11401 4 0 0 0 0 0 0 0 0 0 steals=0
11505 4 0 0 0 0 0 0 0 0 0 steals=0
11606 4 0 0 0 0 0 0 0 0 0 steals=0
11711 4 0 0 0 0 0 0 0 0 0 steals=0
11814 4 0 0 0 0 0 0 0 0 0 steals=0
11919 4 0 0 0 0 0 0 0 0 0 steals=0
12021 4 0 0 0 0 0 0 0 0 0 steals=0
12122 4 0 0 0 0 0 0 0 0 0 steals=0
12226 4 0 0 0 0 0 0 0 0 0 steals=0
12326 4 0 0 0 0 0 0 0 0 0 steals=0
12427 4 0 0 0 0 0 0 0 0 0 steals=0
12530 5 0 0 0 0 0 0 0 0 0 steals=0
12634 4 0 0 0 0 0 0 0 0 0 steals=0
12736 4 0 0 0 0 0 0 0 0 0 steals=0
12838 4 0 0 0 0 0 0 0 0 0 steals=0
12943 4 0 0 0 0 0 0 0 0 0 steals=0
13046 4 0 0 0 0 0 0 0 0 0 steals=0
13151 4 0 0 0 0 0 0 0 0 0 steals=0
13256 4 0 0 0 0 0 0 0 0 0 steals=0
13359 4 0 0 0 0 0 0 0 0 0 steals=0
13460 4 0 0 0 0 0 0 0 0 0 steals=0
13560 4 0 0 0 0 0 0 0 0 0 steals=0
13665 4 0 0 0 0 0 0 0 0 0 steals=0
13768 4 0 0 0 0 0 0 0 0 0 steals=0
13873 4 0 0 0 0 0 0 0 0 0 steals=0
13976 4 0 0 0 0 0 0 0 0 0 steals=0
14079 4 0 0 0 0 0 0 0 0 0 steals=0
14183 4 0 0 0 0 0 0 0 0 0 steals=0
14288 4 0 0 0 0 0 0 0 0 0 steals=0
14393 4 0 0 0 0 0 0 0 0 0 steals=0
14498 4 0 0 0 0 0 0 0 0 0 steals=0
14603 4 0 0 0 0 0 0 0 0 0 steals=0
14705 4 0 0 0 0 0 0 0 0 0 steals=0
14810 4 0 0 0 0 0 0 0 0 0 steals=0
14914 4 0 0 0 0 0 0 0 0 0 steals=0
15018 4 0 0 0 0 0 0 0 0 0 steals=0
15118 4 0 0 0 0 0 0 0 0 0 steals=0
15224 4 0 0 0 0 0 0 0 0 0 steals=0
15325 4 0 0 0 0 0 0 0 0 0 steals=0
15431 4 0 0 0 0 0 0 0 0 0 steals=0
15535 4 0 0 0 0 0 0 0 0 0 steals=0
15641 4 0 0 0 0 0 0 0 0 0 steals=0
15743 4 0 0 0 0 0 0 0 0 0 steals=0
15848 5 0 0 0 0 0 0 0 0 0 steals=0
15952 4 0 0 0 0 0 0 0 0 0 steals=0
16055 4 0 0 0 0 0 0 0 0 0 steals=0
16159 4 0 0 0 0 0 0 0 0 0 steals=0
16264 4 0 0 0 0 0 0 0 0 0 steals=0
16367 4 0 0 0 0 0 0 0 0 0 steals=0
16472 4 0 0 0 0 0 0 0 0 0 steals=0
16577 5 0 0 0 0 0 0 0 0 0 steals=0
16682 4 0 0 0 0 0 0 0 0 0 steals=0
16786 4 0 0 0 0 0 0 0 0 0 steals=0
16888 4 0 0 0 0 0 0 0 0 0 steals=0
16993 4 0 0 0 0 0 0 0 0 0 steals=0
17098 4 0 0 0 0 0 0 0 0 0 steals=0
17203 4 0 0 0 0 0 0 0 0 0 steals=0
17306 4 0 0 0 0 0 0 0 0 0 steals=0
17412 4 0 0 0 0 0 0 0 0 0 steals=0
17517 4 0 0 0 0 0 0 0 0 0 steals=0
17619 4 0 0 0 0 0 0 0 0 0 steals=0
17722 4 0 0 0 0 0 0 0 0 0 steals=0
17826 4 0 0 0 0 0 0 0 0 0 steals=0
17931 5 0 0 0 0 0 0 0 0 0 steals=0
18032 4 0 0 0 0 0 0 0 0 0 steals=0
18137 4 0 0 0 0 0 0 0 0 0 steals=0
18241 4 0 0 0 0 0 0 0 0 0 steals=0
18343 4 0 0 0 0 0 0 0 0 0 steals=0
18446 4 0 0 0 0 0 0 0 0 0 steals=0
18550 4 0 0 0 0 0 0 0 0 0 steals=0
18651 4 0 0 0 0 0 0 0 0 0 steals=0
18756 4 0 0 0 0 0 0 0 0 0 steals=0
18862 4 0 0 0 0 0 0 0 0 0 steals=0
18968 5 0 0 0 0 0 0 0 0 0 steals=0
19073 4 0 0 0 0 0 0 0 0 0 steals=0
19178 4 0 0 0 0 0 0 0 0 0 steals=0
19281 4 0 0 0 0 0 0 0 0 0 steals=0
19384 5 0 0 0 0 0 0 0 0 0 steals=0
19489 4 0 0 0 0 0 0 0 0 0 steals=0
19594 4 0 0 0 0 0 0 0 0 0 steals=0
19697 4 0 0 0 0 0 0 0 0 0 steals=0
19803 4 0 0 0 0 0 0 0 0 0 steals=0
19906 4 0 0 0 0 0 0 0 0 0 steals=0
20009 4 0 0 0 0 0 0 0 0 0 steals=0
20114 4 0 0 0 0 0 0 0 0 0 steals=0
20220 4 0 0 0 0 0 0 0 0 0 steals=0
20325 5 0 0 0 0 0 0 0 0 0 steals=0
20430 4 0 0 0 0 0 0 0 0 0 steals=0
20534 5 0 0 0 0 0 0 0 0 0 steals=0
20639 4 0 0 0 0 0 0 0 0 0 steals=0
20744 5 0 0 0 0 0 0 0 0 0 steals=0
20846 4 0 0 0 0 0 0 0 0 0 steals=0
20947 4 0 0 0 0 0 0 0 0 0 steals=0
21051 5 0 0 0 0 0 0 0 0 0 steals=0
21154 4 0 0 0 0 0 0 0 0 0 steals=0
21254 4 0 0 0 0 0 0 0 0 0 steals=0
21356 4 0 0 0 0 0 0 0 0 0 steals=0
21459 4 0 0 0 0 0 0 0 0 0 steals=0
21563 4 0 0 0 0 0 0 0 0 0 steals=0
21664 4 0 0 0 0 0 0 0 0 0 steals=0
21769 4 0 0 0 0 0 0 0 0 0 steals=0
21874 4 0 0 0 0 0 0 0 0 0 steals=0
21976 4 0 0 0 0 0 0 0 0 0 steals=0
22081 4 0 0 0 0 0 0 0 0 0 steals=0
22184 4 0 0 0 0 0 0 0 0 0 steals=0
22286 4 0 0 0 0 0 0 0 0 0 steals=0
22389 4 0 0 0 0 0 0 0 0 0 steals=0
22491 4 0 0 0 0 0 0 0 0 0 steals=0
22596 4 0 0 0 0 0 0 0 0 0 steals=0
22701 4 0 0 0 0 0 0 0 0 0 steals=0
22803 4 0 0 0 0 0 0 0 0 0 steals=0
22905 4 0 0 0 0 0 0 0 0 0 steals=0
23005 4 0 0 0 0 0 0 0 0 0 steals=0
23110 4 0 0 0 0 0 0 0 0 0 steals=0
23210 4 0 0 0 0 0 0 0 0 0 steals=0
23311 4 0 0 0 0 0 0 0 0 0 steals=0
