0 0 0 0 0 0 0 0 0 0 0 steals=0
101 0 0 0 0 0 0 0 0 0 0 steals=0
201 0 0 0 0 0 0 0 0 0 0 steals=0
301 0 0 0 0 0 0 0 0 0 0 steals=0
407 0 0 0 0 0 0 0 0 0 0 steals=0
512 0 0 0 0 0 0 0 0 0 0 steals=0
617 0 0 0 0 0 0 0 0 0 0 steals=0
722 0 0 0 0 0 0 0 0 0 0 steals=0
823 0 0 0 0 0 0 0 0 0 0 steals=0
925 0 0 0 0 0 0 0 0 0 0 steals=0
1030 0 0 0 0 0 0 0 0 0 0 steals=0
1134 0 0 0 0 0 0 0 0 0 0 steals=0
1239 0 0 0 0 0 0 0 0 0 0 steals=0
1342 0 0 0 0 0 0 0 0 0 0 steals=0
1447 0 0 0 0 0 0 0 0 0 0 steals=0
1551 0 0 0 0 0 0 0 0 0 0 steals=0
1654 0 0 0 0 0 0 0 0 0 0 steals=0
1758 0 0 0 0 0 0 0 0 0 0 steals=0
1863 0 0 0 0 0 0 0 0 0 0 steals=0
1967 0 0 0 0 0 0 0 0 0 0 steals=0
2068 0 0 0 0 0 0 0 0 0 0 steals=0
2173 0 0 0 0 0 0 0 0 0 0 steals=0
2278 0 0 0 0 0 0 0 0 0 0 steals=0
2378 0 0 0 0 0 0 0 0 0 0 steals=0
2483 0 0 0 0 0 0 0 0 0 0 steals=0
2588 0 0 0 0 0 0 0 0 0 0 steals=0
2693 0 0 0 0 0 0 0 0 0 0 steals=0
2798 0 0 0 0 0 0 0 0 0 0 steals=0
2901 0 0 0 0 0 0 0 0 0 0 steals=0
3006 0 0 0 0 0 0 0 0 0 0 steals=0
3109 0 0 0 0 0 0 0 0 0 0 steals=0
3214 0 0 0 0 0 0 0 0 0 0 steals=0
3317 0 0 0 0 0 0 0 0 0 0 steals=0
3422 0 0 0 0 0 0 0 0 0 0 steals=0
3527 0 0 0 0 0 0 0 0 0 0 steals=0
3632 0 0 0 0 0 0 0 0 0 0 steals=0
3734 0 0 0 0 0 0 0 0 0 0 steals=0
3839 0 0 0 0 0 0 0 0 0 0 steals=0
3944 0 0 0 0 0 0 0 0 0 0 steals=0
4046 0 0 0 0 0 0 0 0 0 0 steals=0
4146 0 0 0 0 0 0 0 0 0 0 steals=0
4251 0 0 0 0 0 0 0 0 0 0 steals=0
4351 0 0 0 0 0 0 0 0 0 0 steals=0
4456 0 0 0 0 0 0 0 0 0 0 steals=0
4558 0 0 0 0 0 0 0 0 0 0 steals=0
4663 0 0 0 0 0 0 0 0 0 0 steals=0
4767 0 0 0 0 0 0 0 0 0 0 steals=0
4872 0 0 0 0 0 0 0 0 0 0 steals=0
4976 0 0 0 0 0 0 0 0 0 0 steals=0
5079 0 0 0 0 0 0 0 0 0 0 steals=0
5185 0 0 0 0 0 0 0 0 0 0 steals=0
5288 0 0 0 0 0 0 0 0 0 0 steals=0
5393 0 0 0 0 0 0 0 0 0 0 steals=0
5498 0 0 0 0 0 0 0 0 0 0 steals=0
5601 0 0 0 0 0 0 0 0 0 0 steals=0
5701 0 0 0 0 0 0 0 0 0 0 steals=0
5807 0 0 0 0 0 0 0 0 0 0 steals=0
5907 0 0 0 0 0 0 0 0 0 0 steals=0
6012 0 0 0 0 0 0 0 0 0 0 steals=0
6117 0 0 0 0 0 0 0 0 0 0 steals=0
6221 0 0 0 0 0 0 0 0 0 0 steals=0
6326 0 0 0 0 0 0 0 0 0 0 steals=0
6428 0 0 0 0 0 0 0 0 0 0 steals=0
6530 0 0 0 0 0 0 0 0 0 0 steals=0
6633 0 0 0 0 0 0 0 0 0 0 steals=0
6739 0 0 0 0 0 0 0 0 0 0 steals=0
6842 0 0 0 0 0 0 0 0 0 0 steals=0
6947 0 0 0 0 0 0 0 0 0 0 steals=0
7051 0 0 0 0 0 0 0 0 0 0 steals=0
7152 0 0 0 0 0 0 0 0 0 0 steals=0
7257 0 0 0 0 0 0 0 0 0 0 steals=0
7359 0 0 0 0 0 0 0 0 0 0 steals=0
7464 0 0 0 0 0 0 0 0 0 0 steals=0
7567 0 0 0 0 0 0 0 0 0 0 steals=0
7673 0 0 0 0 0 0 0 0 0 0 steals=0
7777 0 0 0 0 0 0 0 0 0 0 steals=0
7880 0 0 0 0 0 0 0 0 0 0 steals=0
7985 0 0 0 0 0 0 0 0 0 0 steals=0
8089 0 0 0 0 0 0 0 0 0 0 steals=0
8194 0 0 0 0 0 0 0 0 0 0 steals=0
8299 0 0 0 0 0 0 0 0 0 0 steals=0
8401 0 0 0 0 0 0 0 0 0 0 steals=0
8504 0 0 0 0 0 0 0 0 0 0 steals=0
8609 0 0 0 0 0 0 0 0 0 0 steals=0
8709 0 0 0 0 0 0 0 0 0 0 steals=0
8814 0 0 0 0 0 0 0 0 0 0 steals=0
8919 0 0 0 0 0 0 0 0 0 0 steals=0
9023 0 0 0 0 0 0 0 0 0 0 steals=0
9128 0 0 0 0 0 0 0 0 0 0 steals=0
9230 0 0 0 0 0 0 0 0 0 0 steals=0
9333 0 0 0 0 0 0 0 0 0 0 steals=0
9434 0 0 0 0 0 0 0 0 0 0 steals=0
9539 0 0 0 0 0 0 0 0 0 0 steals=0
9642 0 0 0 0 0 0 0 0 0 0 steals=0
9744 0 0 0 0 0 0 0 0 0 0 steals=0
9849 0 0 0 0 0 0 0 0 0 0 steals=0
9955 0 0 0 0 0 0 0 0 0 0 steals=0
10060 0 0 0 0 0 0 0 0 0 0 steals=0
10162 0 0 0 0 0 0 0 0 0 0 steals=0
10263 0 0 0 0 0 0 0 0 0 0 steals=0
10368 0 0 0 0 0 0 0 0 0 0 steals=0
10473 0 0 0 0 0 0 0 0 0 0 steals=0
10574 0 0 0 0 0 0 0 0 0 0 steals=0
10679 0 0 0 0 0 0 0 0 0 0 steals=0
10780 0 0 0 0 0 0 0 0 0 0 steals=0
10885 0 0 0 0 0 0 0 0 0 0 steals=0
10989 0 0 0 0 0 0 0 0 0 0 steals=0
11096 0 0 0 0 0 0 0 0 0 0 steals=0
11201 0 0 0 0 0 0 0 0 0 0 steals=0
11305 0 0 0 0 0 0 0 0 0 0 steals=0
11408 0 0 0 0 0 0 0 0 0 0 steals=0
11513 0 0 0 0 0 0 0 0 0 0 steals=0
11618 0 0 0 0 0 0 0 0 0 0 steals=0
11723 0 0 0 0 0 0 0 0 0 0 steals=0
11828 0 0 0 0 0 0 0 0 0 0 steals=0
11933 0 0 0 0 0 0 0 0 0 0 steals=0
12038 0 0 0 0 0 0 0 0 0 0 steals=0
12142 0 0 0 0 0 0 0 0 0 0 steals=0
12247 0 0 0 0 0 0 0 0 0 0 steals=0
12350 0 0 0 0 0 0 0 0 0 0 steals=0
12455 0 0 0 0 0 0 0 0 0 0 steals=0
12560 0 0 0 0 0 0 0 0 0 0 steals=0
12664 0 0 0 0 0 0 0 0 0 0 steals=0
12767 0 0 0 0 0 0 0 0 0 0 steals=0
12872 0 0 0 0 0 0 0 0 0 0 steals=0
12976 0 0 0 0 0 0 0 0 0 0 steals=0
13081 0 0 0 0 0 0 0 0 0 0 steals=0
13186 0 0 0 0 0 0 0 0 0 0 steals=0
13291 0 0 0 0 0 0 0 0 0 0 steals=0
13396 0 0 0 0 0 0 0 0 0 0 steals=0
13501 0 0 0 0 0 0 0 0 0 0 steals=0
13606 0 0 0 0 0 0 0 0 0 0 steals=0
13711 0 0 0 0 0 0 0 0 0 0 steals=0
13816 0 0 0 0 0 0 0 0 0 0 steals=0
13917 0 0 0 0 0 0 0 0 0 0 steals=0
14022 0 0 0 0 0 0 0 0 0 0 steals=0
14126 0 0 0 0 0 0 0 0 0 0 steals=0
14231 0 0 0 0 0 0 0 0 0 0 steals=0
14331 0 0 0 0 0 0 0 0 0 0 steals=0
14436 0 0 0 0 0 0 0 0 0 0 steals=0
14536 0 0 0 0 0 0 0 0 0 0 steals=0
14638 0 0 0 0 0 0 0 0 0 0 steals=0
14743 0 0 0 0 0 0 0 0 0 0 steals=0
14845 0 0 0 0 0 0 0 0 0 0 steals=0
14950 0 0 0 0 0 0 0 0 0 0 steals=0
15053 0 0 0 0 0 0 0 0 0 0 steals=0
15158 0 0 0 0 0 0 0 0 0 0 steals=0
15263 0 0 0 0 0 0 0 0 0 0 steals=0
15368 0 0 0 0 0 0 0 0 0 0 steals=0
15473 0 0 0 0 0 0 0 0 0 0 steals=0
15576 0 0 0 0 0 0 0 0 0 0 steals=0
15680 0 0 0 0 0 0 0 0 0 0 steals=0
15785 0 0 0 0 0 0 0 0 0 0 steals=0
15890 0 0 0 0 0 0 0 0 0 0 steals=0
15995 0 0 0 0 0 0 0 0 0 0 steals=0
16098 0 0 0 0 0 0 0 0 0 0 steals=0
16199 0 0 0 0 0 0 0 0 0 0 steals=0
16300 0 0 0 0 0 0 0 0 0 0 steals=0
16402 0 0 0 0 0 0 0 0 0 0 steals=0
16505 0 0 0 0 0 0 0 0 0 0 steals=0
16608 0 0 0 0 0 0 0 0 0 0 steals=0
16711 0 0 0 0 0 0 0 0 0 0 steals=0
16816 0 0 0 0 0 0 0 0 0 0 steals=0
16921 0 0 0 0 0 0 0 0 0 0 steals=0
17026 0 0 0 0 0 0 0 0 0 0 steals=0
17130 0 0 0 0 0 0 0 0 0 0 steals=0
17235 0 0 0 0 0 0 0 0 0 0 steals=0
17337 0 0 0 0 0 0 0 0 0 0 steals=0
17438 0 0 0 0 0 0 0 0 0 0 steals=0
17543 0 0 0 0 0 0 0 0 0 0 steals=0
17648 0 0 0 0 0 0 0 0 0 0 steals=0
17753 0 0 0 0 0 0 0 0 0 0 steals=0
17855 0 0 0 0 0 0 0 0 0 0 steals=0
17960 0 0 0 0 0 0 0 0 0 0 steals=0
18061 0 0 0 0 0 0 0 0 0 0 steals=0
18164 0 0 0 0 0 0 0 0 0 0 steals=0
18269 0 0 0 0 0 0 0 0 0 0 steals=0
18374 0 0 0 0 0 0 0 0 0 0 steals=0
18478 0 0 0 0 0 0 0 0 0 0 steals=0
18583 0 0 0 0 0 0 0 0 0 0 steals=0
18688 0 0 0 0 0 0 0 0 0 0 steals=0
18793 0 0 0 0 0 0 0 0 0 0 steals=0
18897 0 0 0 0 0 0 0 0 0 0 steals=0
19002 0 0 0 0 0 0 0 0 0 0 steals=0
19106 0 0 0 0 0 0 0 0 0 0 steals=0
19211 0 0 0 0 0 0 0 0 0 0 steals=0
19314 0 0 0 0 0 0 0 0 0 0 steals=0
19414 0 0 0 0 0 0 0 0 0 0 steals=0
19515 0 0 0 0 0 0 0 0 0 0 steals=0
19615 0 0 0 0 0 0 0 0 0 0 steals=0
19718 0 0 0 0 0 0 0 0 0 0 steals=0
19821 0 0 0 0 0 0 0 0 0 0 steals=0
19926 0 0 0 0 0 0 0 0 0 0 steals=0
20029 0 0 0 0 0 0 0 0 0 0 steals=0
20131 0 0 0 0 0 0 0 0 0 0 steals=0
20237 0 0 0 0 0 0 0 0 0 0 steals=0
20340 0 0 0 0 0 0 0 0 0 0 steals=0
20445 0 0 0 0 0 0 0 0 0 0 steals=0
20549 0 0 0 0 0 0 0 0 0 0 steals=0
20651 0 0 0 0 0 0 0 0 0 0 steals=0
20756 0 0 0 0 0 0 0 0 0 0 steals=0
20859 0 0 0 0 0 0 0 0 0 0 steals=0
20963 0 0 0 0 0 0 0 0 0 0 steals=0
21067 0 0 0 0 0 0 0 0 0 0 steals=0
21172 0 0 0 0 0 0 0 0 0 0 steals=0
21277 0 0 0 0 0 0 0 0 0 0 steals=0
21381 0 0 0 0 0 0 0 0 0 0 steals=0
21484 0 0 0 0 0 0 0 0 0 0 steals=0
21588 0 0 0 0 0 0 0 0 0 0 steals=0
21688 0 0 0 0 0 0 0 0 0 0 steals=0
21792 0 0 0 0 0 0 0 0 0 0 steals=0
21897 0 0 0 0 0 0 0 0 0 0 steals=0
21998 0 0 0 0 0 0 0 0 0 0 steals=0
22100 0 0 0 0 0 0 0 0 0 0 steals=0
22204 0 0 0 0 0 0 0 0 0 0 steals=0
22305 0 0 0 0 0 0 0 0 0 0 steals=0
22409 0 0 0 0 0 0 0 0 0 0 steals=0
22513 0 0 0 0 0 0 0 0 0 0 steals=0
22618 0 0 0 0 0 0 0 0 0 0 steals=0
22722 0 0 0 0 0 0 0 0 0 0 steals=0
22827 0 0 0 0 0 0 0 0 0 0 steals=0
22928 0 0 0 0 0 0 0 0 0 0 steals=0
23030 0 0 0 0 0 0 0 0 0 0 steals=0
23135 0 0 0 0 0 0 0 0 0 0 steals=0
23240 0 0 0 0 0 0 0 0 0 0 steals=0
