0 0 0 0 0 0 0 0 0 0 0 steals=0
105 1 0 0 0 0 0 0 0 0 0 steals=30
210 1 0 0 0 0 0 0 0 0 0 steals=81
325 1 0 0 0 0 0 0 0 0 0 steals=98
433 1 0 0 0 0 0 0 0 0 0 steals=143
538 1 0 0 0 0 0 0 0 0 0 steals=195
640 2 0 0 0 0 0 0 0 0 0 steals=243
741 2 0 0 0 0 0 0 0 0 0 steals=294
848 0 0 0 0 0 0 0 0 0 0 steals=347
953 1 0 0 0 0 0 0 0 0 0 steals=407
1058 5 0 0 0 0 0 0 0 0 0 steals=473
1163 0 0 0 0 0 0 0 0 0 0 steals=530
1272 5 0 0 0 0 0 0 0 0 0 steals=600
1377 2 0 0 0 0 0 0 0 0 0 steals=665
1482 1 0 0 0 0 0 0 0 0 0 steals=719
1584 1 0 0 0 0 0 0 0 0 0 steals=775
1690 9 0 0 0 0 0 0 0 0 0 steals=840
1797 4 0 0 0 0 0 0 0 0 0 steals=905
1902 5 0 0 0 0 0 0 0 0 0 steals=961
2005 3 0 0 0 0 0 0 0 0 0 steals=1026
2108 1 0 0 0 0 0 0 0 0 0 steals=1088
2213 0 0 0 0 0 0 0 0 0 0 steals=1150
2318 1 0 0 0 0 0 0 0 0 0 steals=1198
2422 9 0 0 0 0 0 0 0 0 0 steals=1262
2524 5 0 0 0 0 0 0 0 0 0 steals=1327
2628 1 0 0 0 0 0 0 0 0 0 steals=1377
2741 1 0 0 0 0 0 0 0 0 0 steals=1452
2856 2 0 0 0 0 0 0 0 0 0 steals=1526
2957 2 0 0 0 0 0 0 0 0 0 steals=1583
3061 0 0 0 0 0 0 0 0 0 0 steals=1636
3166 0 0 0 0 0 0 0 0 0 0 steals=1669
3270 0 0 0 0 0 0 0 0 0 0 steals=1669
3373 0 0 0 0 0 0 0 0 0 0 steals=1669
3479 0 0 0 0 0 0 0 0 0 0 steals=1669
3583 0 0 0 0 0 0 0 0 0 0 steals=1669
3683 0 0 0 0 0 0 0 0 0 0 steals=1669
3784 0 0 0 0 0 0 0 0 0 0 steals=1669
3889 0 0 0 0 0 0 0 0 0 0 steals=1669
3994 0 0 0 0 0 0 0 0 0 0 steals=1669
4095 0 0 0 0 0 0 0 0 0 0 steals=1669
4199 0 0 0 0 0 0 0 0 0 0 steals=1669
4300 0 0 0 0 0 0 0 0 0 0 steals=1669
4405 0 0 0 0 0 0 0 0 0 0 steals=1669
4508 0 0 0 0 0 0 0 0 0 0 steals=1669
4612 0 0 0 0 0 0 0 0 0 0 steals=1669
4717 0 0 0 0 0 0 0 0 0 0 steals=1669
4822 0 0 0 0 0 0 0 0 0 0 steals=1669
4927 0 0 0 0 0 0 0 0 0 0 steals=1669
5030 0 0 0 0 0 0 0 0 0 0 steals=1669
5134 0 0 0 0 0 0 0 0 0 0 steals=1669
5239 0 0 0 0 0 0 0 0 0 0 steals=1669
5341 0 0 0 0 0 0 0 0 0 0 steals=1669
5444 0 0 0 0 0 0 0 0 0 0 steals=1669
5547 0 0 0 0 0 0 0 0 0 0 steals=1669
5652 0 0 0 0 0 0 0 0 0 0 steals=1669
5755 0 0 0 0 0 0 0 0 0 0 steals=1669
5857 0 0 0 0 0 0 0 0 0 0 steals=1669
5958 0 0 0 0 0 0 0 0 0 0 steals=1669
6063 0 0 0 0 0 0 0 0 0 0 steals=1669
6168 0 0 0 0 0 0 0 0 0 0 steals=1669
6272 0 0 0 0 0 0 0 0 0 0 steals=1669
6376 0 0 0 0 0 0 0 0 0 0 steals=1709
6481 1 0 0 0 0 0 0 0 0 0 steals=1748
6583 0 0 0 0 0 0 0 0 0 0 steals=1786
6688 1 0 0 0 0 0 0 0 0 0 steals=1826
6794 0 0 0 0 0 0 0 0 0 0 steals=1869
6898 0 0 0 0 0 0 0 0 0 0 steals=1914
6999 0 0 0 0 0 0 0 0 0 0 steals=1953
7104 1 0 0 0 0 0 0 0 0 0 steals=1998
7204 0 0 0 0 0 0 0 0 0 0 steals=2038
7305 1 0 0 0 0 0 0 0 0 0 steals=2074
7407 1 0 0 0 0 0 0 0 0 0 steals=2111
7511 0 0 0 0 0 0 0 0 0 0 steals=2145
7617 1 0 0 0 0 0 0 0 0 0 steals=2183
7722 1 0 0 0 0 0 0 0 0 0 steals=2222
7824 1 0 0 0 0 0 0 0 0 0 steals=2262
7928 1 0 0 0 0 0 0 0 0 0 steals=2300
8032 1 0 0 0 0 0 0 0 0 0 steals=2339
8134 1 0 0 0 0 0 0 0 0 0 steals=2373
8234 1 0 0 0 0 0 0 0 0 0 steals=2409
8335 1 0 0 0 0 0 0 0 0 0 steals=2446
8438 1 0 0 0 0 0 0 0 0 0 steals=2483
8540 1 0 0 0 0 0 0 0 0 0 steals=2523
8641 1 0 0 0 0 0 0 0 0 0 steals=2563
8743 1 0 0 0 0 0 0 0 0 0 steals=2603
8845 1 0 0 0 0 0 0 0 0 0 steals=2644
8948 1 0 0 0 0 0 0 0 0 0 steals=2683
9049 1 0 0 0 0 0 0 0 0 0 steals=2719
9152 0 0 0 0 0 0 0 0 0 0 steals=2755
9253 1 0 0 0 0 0 0 0 0 0 steals=2792
9357 1 0 0 0 0 0 0 0 0 0 steals=2832
9461 1 0 0 0 0 0 0 0 0 0 steals=2874
9566 1 0 0 0 0 0 0 0 0 0 steals=2914
9666 1 0 0 0 0 0 0 0 0 0 steals=2954
9769 1 0 0 0 0 0 0 0 0 0 steals=2989
9869 1 0 0 0 0 0 0 0 0 0 steals=3026
9975 1 0 0 0 0 0 0 0 0 0 steals=3065
10075 1 0 0 0 0 0 0 0 0 0 steals=3103
10179 1 0 0 0 0 0 0 0 0 0 steals=3144
10279 1 0 0 0 0 0 0 0 0 0 steals=3182
10380 1 0 0 0 0 0 0 0 0 0 steals=3221
10482 1 0 0 0 0 0 0 0 0 0 steals=3260
10588 1 0 0 0 0 0 0 0 0 0 steals=3296
10689 1 0 0 0 0 0 0 0 0 0 steals=3336
10791 0 0 0 0 0 0 0 0 0 0 steals=3367
10896 1 0 0 0 0 0 0 0 0 0 steals=3407
11000 1 0 0 0 0 0 0 0 0 0 steals=3448
11103 1 0 0 0 0 0 0 0 0 0 steals=3480
11203 1 0 0 0 0 0 0 0 0 0 steals=3514
11306 1 0 0 0 0 0 0 0 0 0 steals=3553
11408 1 0 0 0 0 0 0 0 0 0 steals=3586
11512 1 0 0 0 0 0 0 0 0 0 steals=3624
11615 1 0 0 0 0 0 0 0 0 0 steals=3664
11720 1 0 0 0 0 0 0 0 0 0 steals=3705
11823 1 0 0 0 0 0 0 0 0 0 steals=3745
11924 1 0 0 0 0 0 0 0 0 0 steals=3784
12029 1 0 0 0 0 0 0 0 0 0 steals=3825
12130 1 0 0 0 0 0 0 0 0 0 steals=3862
12237 1 0 0 0 0 0 0 0 0 0 steals=3880
12341 1 0 0 0 0 0 0 0 0 0 steals=3883
12444 1 0 0 0 0 0 0 0 0 0 steals=3914
12550 1 0 0 0 0 0 0 0 0 0 steals=3953
12655 1 0 0 0 0 0 0 0 0 0 steals=3990
12757 1 0 0 0 0 0 0 0 0 0 steals=4030
12859 1 0 0 0 0 0 0 0 0 0 steals=4070
12960 1 0 0 0 0 0 0 0 0 0 steals=4110
13065 1 0 0 0 0 0 0 0 0 0 steals=4150
13165 1 0 0 0 0 0 0 0 0 0 steals=4184
13267 1 0 0 0 0 0 0 0 0 0 steals=4224
13370 1 0 0 0 0 0 0 0 0 0 steals=4262
13475 1 0 0 0 0 0 0 0 0 0 steals=4300
13580 1 0 0 0 0 0 0 0 0 0 steals=4337
13685 1 0 0 0 0 0 0 0 0 0 steals=4374
13789 1 0 0 0 0 0 0 0 0 0 steals=4415
13897 0 0 0 0 0 0 0 0 0 0 steals=4452
13997 1 0 0 0 0 0 0 0 0 0 steals=4487
14097 1 0 0 0 0 0 0 0 0 0 steals=4526
14202 1 0 0 0 0 0 0 0 0 0 steals=4563
14305 1 0 0 0 0 0 0 0 0 0 steals=4601
14408 1 0 0 0 0 0 0 0 0 0 steals=4630
14513 1 0 0 0 0 0 0 0 0 0 steals=4670
14616 1 0 0 0 0 0 0 0 0 0 steals=4711
14723 1 0 0 0 0 0 0 0 0 0 steals=4753
14825 1 0 0 0 0 0 0 0 0 0 steals=4790
14930 1 0 0 0 0 0 0 0 0 0 steals=4829
15031 1 0 0 0 0 0 0 0 0 0 steals=4866
15132 1 0 0 0 0 0 0 0 0 0 steals=4905
15233 1 0 0 0 0 0 0 0 0 0 steals=4945
15335 1 0 0 0 0 0 0 0 0 0 steals=4986
15437 1 0 0 0 0 0 0 0 0 0 steals=5028
15540 1 0 0 0 0 0 0 0 0 0 steals=5069
15640 1 0 0 0 0 0 0 0 0 0 steals=5104
15744 1 0 0 0 0 0 0 0 0 0 steals=5143
15846 1 0 0 0 0 0 0 0 0 0 steals=5180
15947 1 0 0 0 0 0 0 0 0 0 steals=5218
16051 1 0 0 0 0 0 0 0 0 0 steals=5258
16156 1 0 0 0 0 0 0 0 0 0 steals=5299
16257 1 0 0 0 0 0 0 0 0 0 steals=5339
16361 1 0 0 0 0 0 0 0 0 0 steals=5378
16462 1 0 0 0 0 0 0 0 0 0 steals=5409
16565 1 0 0 0 0 0 0 0 0 0 steals=5446
16670 1 0 0 0 0 0 0 0 0 0 steals=5485
16772 1 0 0 0 0 0 0 0 0 0 steals=5525
16875 1 0 0 0 0 0 0 0 0 0 steals=5567
16978 1 0 0 0 0 0 0 0 0 0 steals=5609
17083 1 0 0 0 0 0 0 0 0 0 steals=5651
17187 1 0 0 0 0 0 0 0 0 0 steals=5694
17289 1 0 0 0 0 0 0 0 0 0 steals=5732
17390 1 0 0 0 0 0 0 0 0 0 steals=5772
17491 1 0 0 0 0 0 0 0 0 0 steals=5811
17592 1 0 0 0 0 0 0 0 0 0 steals=5852
17695 1 0 0 0 0 0 0 0 0 0 steals=5893
17796 1 0 0 0 0 0 0 0 0 0 steals=5934
17898 1 0 0 0 0 0 0 0 0 0 steals=5974
17999 1 0 0 0 0 0 0 0 0 0 steals=6015
18104 1 0 0 0 0 0 0 0 0 0 steals=6054
18205 1 0 0 0 0 0 0 0 0 0 steals=6094
18308 1 0 0 0 0 0 0 0 0 0 steals=6133
18412 1 0 0 0 0 0 0 0 0 0 steals=6175
18515 1 0 0 0 0 0 0 0 0 0 steals=6216
18618 1 0 0 0 0 0 0 0 0 0 steals=6257
18722 1 0 0 0 0 0 0 0 0 0 steals=6295
18825 1 0 0 0 0 0 0 0 0 0 steals=6337
18929 2 0 0 0 0 0 0 0 0 0 steals=6375
19033 1 0 0 0 0 0 0 0 0 0 steals=6415
19137 1 0 0 0 0 0 0 0 0 0 steals=6456
19238 1 0 0 0 0 0 0 0 0 0 steals=6492
19342 1 0 0 0 0 0 0 0 0 0 steals=6532
19446 1 0 0 0 0 0 0 0 0 0 steals=6574
19549 1 0 0 0 0 0 0 0 0 0 steals=6615
19653 1 0 0 0 0 0 0 0 0 0 steals=6658
19755 1 0 0 0 0 0 0 0 0 0 steals=6695
19860 1 0 0 0 0 0 0 0 0 0 steals=6735
19965 1 0 0 0 0 0 0 0 0 0 steals=6777
20065 1 0 0 0 0 0 0 0 0 0 steals=6817
20170 1 0 0 0 0 0 0 0 0 0 steals=6850
20274 1 0 0 0 0 0 0 0 0 0 steals=6889
20377 1 0 0 0 0 0 0 0 0 0 steals=6928
20478 1 0 0 0 0 0 0 0 0 0 steals=6966
20582 1 0 0 0 0 0 0 0 0 0 steals=6999
20684 1 0 0 0 0 0 0 0 0 0 steals=7037
20785 1 0 0 0 0 0 0 0 0 0 steals=7075
20886 1 0 0 0 0 0 0 0 0 0 steals=7115
20989 1 0 0 0 0 0 0 0 0 0 steals=7156
21092 1 0 0 0 0 0 0 0 0 0 steals=7195
21195 1 0 0 0 0 0 0 0 0 0 steals=7235
21299 1 0 0 0 0 0 0 0 0 0 steals=7275
21403 1 0 0 0 0 0 0 0 0 0 steals=7314
21505 1 0 0 0 0 0 0 0 0 0 steals=7353
21607 1 0 0 0 0 0 0 0 0 0 steals=7391
21709 1 0 0 0 0 0 0 0 0 0 steals=7432
21811 1 0 0 0 0 0 0 0 0 0 steals=7473
21911 1 0 0 0 0 0 0 0 0 0 steals=7513
22016 1 0 0 0 0 0 0 0 0 0 steals=7555
22117 1 0 0 0 0 0 0 0 0 0 steals=7595
22218 1 0 0 0 0 0 0 0 0 0 steals=7633
22319 0 0 0 0 0 0 0 0 0 0 steals=7671
22421 0 0 0 0 0 0 0 0 0 0 steals=7716
22526 0 0 0 0 0 0 0 0 0 0 steals=7756
22631 0 0 0 0 0 0 0 0 0 0 steals=7801
22732 0 0 0 0 0 0 0 0 0 0 steals=7841
22837 1 0 0 0 0 0 0 0 0 0 steals=7883
22942 0 0 0 0 0 0 0 0 0 0 steals=7926
23046 0 0 0 0 0 0 0 0 0 0 steals=7965
23150 0 0 0 0 0 0 0 0 0 0 steals=8010
23251 0 0 0 0 0 0 0 0 0 0 steals=8050
23356 0 0 0 0 0 0 0 0 0 0 steals=8095
23461 0 0 0 0 0 0 0 0 0 0 steals=8102
23566 0 0 0 0 0 0 0 0 0 0 steals=8102
