0 0 0 0 0 0 0 0 0 0 0 steals=0
104 0 0 0 0 0 0 0 0 0 0 steals=0
208 0 0 0 0 0 0 0 0 0 0 steals=0
313 0 0 0 0 0 0 0 0 0 0 steals=0
418 0 0 0 0 0 0 0 0 0 0 steals=0
522 0 0 0 0 0 0 0 0 0 0 steals=0
626 0 0 0 0 0 0 0 0 0 0 steals=0
732 0 0 0 0 0 0 0 0 0 0 steals=0
833 0 0 0 0 0 0 0 0 0 0 steals=0
937 0 0 0 0 0 0 0 0 0 0 steals=0
1042 0 0 0 0 0 0 0 0 0 0 steals=0
1147 0 0 0 0 0 0 0 0 0 0 steals=0
1248 0 0 0 0 0 0 0 0 0 0 steals=0
1353 0 0 0 0 0 0 0 0 0 0 steals=0
1458 0 0 0 0 0 0 0 0 0 0 steals=0
1563 0 0 0 0 0 0 0 0 0 0 steals=0
1667 0 0 0 0 0 0 0 0 0 0 steals=0
1769 0 0 0 0 0 0 0 0 0 0 steals=0
1874 0 0 0 0 0 0 0 0 0 0 steals=0
1979 0 0 0 0 0 0 0 0 0 0 steals=0
2082 0 0 0 0 0 0 0 0 0 0 steals=0
2186 0 0 0 0 0 0 0 0 0 0 steals=0
2288 0 0 0 0 0 0 0 0 0 0 steals=0
2392 0 0 0 0 0 0 0 0 0 0 steals=0
2497 0 0 0 0 0 0 0 0 0 0 steals=0
2600 0 0 0 0 0 0 0 0 0 0 steals=0
2705 0 0 0 0 0 0 0 0 0 0 steals=0
2810 0 0 0 0 0 0 0 0 0 0 steals=0
2911 0 0 0 0 0 0 0 0 0 0 steals=0
3016 0 0 0 0 0 0 0 0 0 0 steals=0
3121 0 0 0 0 0 0 0 0 0 0 steals=0
3226 0 0 0 0 0 0 0 0 0 0 steals=0
3328 0 0 0 0 0 0 0 0 0 0 steals=0
3433 0 0 0 0 0 0 0 0 0 0 steals=0
3538 0 0 0 0 0 0 0 0 0 0 steals=0
3643 0 0 0 0 0 0 0 0 0 0 steals=0
3745 0 0 0 0 0 0 0 0 0 0 steals=0
3845 0 0 0 0 0 0 0 0 0 0 steals=0
3951 0 0 0 0 0 0 0 0 0 0 steals=0
4055 0 0 0 0 0 0 0 0 0 0 steals=0
4158 0 0 0 0 0 0 0 0 0 0 steals=0
4263 0 0 0 0 0 0 0 0 0 0 steals=0
4367 0 0 0 0 0 0 0 0 0 0 steals=0
4472 0 0 0 0 0 0 0 0 0 0 steals=0
4575 0 0 0 0 0 0 0 0 0 0 steals=0
4680 0 0 0 0 0 0 0 0 0 0 steals=0
4781 0 0 0 0 0 0 0 0 0 0 steals=0
4886 0 0 0 0 0 0 0 0 0 0 steals=0
4991 0 0 0 0 0 0 0 0 0 0 steals=0
5096 0 0 0 0 0 0 0 0 0 0 steals=0
5201 0 0 0 0 0 0 0 0 0 0 steals=0
5302 0 0 0 0 0 0 0 0 0 0 steals=0
5402 0 0 0 0 0 0 0 0 0 0 steals=0
5507 0 0 0 0 0 0 0 0 0 0 steals=0
5612 0 0 0 0 0 0 0 0 0 0 steals=0
5717 0 0 0 0 0 0 0 0 0 0 steals=0
5822 0 0 0 0 0 0 0 0 0 0 steals=0
5926 0 0 0 0 0 0 0 0 0 0 steals=0
6031 0 0 0 0 0 0 0 0 0 0 steals=0
6136 0 0 0 0 0 0 0 0 0 0 steals=0
6241 0 0 0 0 0 0 0 0 0 0 steals=0
6343 0 0 0 0 0 0 0 0 0 0 steals=0
6443 0 0 0 0 0 0 0 0 0 0 steals=0
6548 0 0 0 0 0 0 0 0 0 0 steals=0
6653 0 0 0 0 0 0 0 0 0 0 steals=0
6757 0 0 0 0 0 0 0 0 0 0 steals=0
6862 0 0 0 0 0 0 0 0 0 0 steals=0
6967 0 0 0 0 0 0 0 0 0 0 steals=0
7071 0 0 0 0 0 0 0 0 0 0 steals=0
7174 0 0 0 0 0 0 0 0 0 0 steals=0
7276 0 0 0 0 0 0 0 0 0 0 steals=0
7376 0 0 0 0 0 0 0 0 0 0 steals=0
7480 0 0 0 0 0 0 0 0 0 0 steals=0
7580 0 0 0 0 0 0 0 0 0 0 steals=0
7685 0 0 0 0 0 0 0 0 0 0 steals=0
7790 0 0 0 0 0 0 0 0 0 0 steals=0
7895 0 0 0 0 0 0 0 0 0 0 steals=0
7999 0 0 0 0 0 0 0 0 0 0 steals=0
8101 0 0 0 0 0 0 0 0 0 0 steals=0
8201 0 0 0 0 0 0 0 0 0 0 steals=0
8302 0 0 0 0 0 0 0 0 0 0 steals=0
8404 0 0 0 0 0 0 0 0 0 0 steals=0
8508 0 0 0 0 0 0 0 0 0 0 steals=0
8613 0 0 0 0 0 0 0 0 0 0 steals=0
8716 0 0 0 0 0 0 0 0 0 0 steals=0
8820 0 0 0 0 0 0 0 0 0 0 steals=0
8926 0 0 0 0 0 0 0 0 0 0 steals=0
9027 0 0 0 0 0 0 0 0 0 0 steals=0
9132 0 0 0 0 0 0 0 0 0 0 steals=0
9233 0 0 0 0 0 0 0 0 0 0 steals=0
9339 0 0 0 0 0 0 0 0 0 0 steals=0
9441 0 0 0 0 0 0 0 0 0 0 steals=0
9541 0 0 0 0 0 0 0 0 0 0 steals=0
9646 0 0 0 0 0 0 0 0 0 0 steals=0
9751 0 0 0 0 0 0 0 0 0 0 steals=0
9855 0 0 0 0 0 0 0 0 0 0 steals=0
9957 0 0 0 0 0 0 0 0 0 0 steals=0
10062 0 0 0 0 0 0 0 0 0 0 steals=0
10167 0 0 0 0 0 0 0 0 0 0 steals=0
10272 0 0 0 0 0 0 0 0 0 0 steals=0
10375 0 0 0 0 0 0 0 0 0 0 steals=0
10477 0 0 0 0 0 0 0 0 0 0 steals=0
10582 0 0 0 0 0 0 0 0 0 0 steals=0
10687 0 0 0 0 0 0 0 0 0 0 steals=0
10791 0 0 0 0 0 0 0 0 0 0 steals=0
10896 0 0 0 0 0 0 0 0 0 0 steals=0
11000 0 0 0 0 0 0 0 0 0 0 steals=0
11106 0 0 0 0 0 0 0 0 0 0 steals=0
11209 0 0 0 0 0 0 0 0 0 0 steals=0
11310 0 0 0 0 0 0 0 0 0 0 steals=0
11410 0 0 0 0 0 0 0 0 0 0 steals=0
11513 0 0 0 0 0 0 0 0 0 0 steals=0
11616 0 0 0 0 0 0 0 0 0 0 steals=0
11722 0 0 0 0 0 0 0 0 0 0 steals=0
11827 0 0 0 0 0 0 0 0 0 0 steals=0
11932 0 0 0 0 0 0 0 0 0 0 steals=0
12034 0 0 0 0 0 0 0 0 0 0 steals=0
12135 0 0 0 0 0 0 0 0 0 0 steals=0
12240 0 0 0 0 0 0 0 0 0 0 steals=0
12341 0 0 0 0 0 0 0 0 0 0 steals=0
12445 0 0 0 0 0 0 0 0 0 0 steals=0
12550 0 0 0 0 0 0 0 0 0 0 steals=0
12651 0 0 0 0 0 0 0 0 0 0 steals=0
12753 0 0 0 0 0 0 0 0 0 0 steals=0
12858 0 0 0 0 0 0 0 0 0 0 steals=0
12963 0 0 0 0 0 0 0 0 0 0 steals=0
13066 0 0 0 0 0 0 0 0 0 0 steals=0
13167 0 0 0 0 0 0 0 0 0 0 steals=0
13271 0 0 0 0 0 0 0 0 0 0 steals=0
13376 0 0 0 0 0 0 0 0 0 0 steals=0
13480 0 0 0 0 0 0 0 0 0 0 steals=0
13583 0 0 0 0 0 0 0 0 0 0 steals=0
13683 0 0 0 0 0 0 0 0 0 0 steals=0
13788 0 0 0 0 0 0 0 0 0 0 steals=0
13892 0 0 0 0 0 0 0 0 0 0 steals=0
13997 0 0 0 0 0 0 0 0 0 0 steals=0
14100 0 0 0 0 0 0 0 0 0 0 steals=0
14203 0 0 0 0 0 0 0 0 0 0 steals=0
14307 0 0 0 0 0 0 0 0 0 0 steals=0
14410 0 0 0 0 0 0 0 0 0 0 steals=0
14511 0 0 0 0 0 0 0 0 0 0 steals=0
14611 0 0 0 0 0 0 0 0 0 0 steals=0
14716 0 0 0 0 0 0 0 0 0 0 steals=0
14821 0 0 0 0 0 0 0 0 0 0 steals=0
14925 0 0 0 0 0 0 0 0 0 0 steals=0
15025 0 0 0 0 0 0 0 0 0 0 steals=0
15126 0 0 0 0 0 0 0 0 0 0 steals=0
15228 0 0 0 0 0 0 0 0 0 0 steals=0
15329 0 0 0 0 0 0 0 0 0 0 steals=0
15434 0 0 0 0 0 0 0 0 0 0 steals=0
15536 0 0 0 0 0 0 0 0 0 0 steals=0
15638 0 0 0 0 0 0 0 0 0 0 steals=0
15739 0 0 0 0 0 0 0 0 0 0 steals=0
15839 0 0 0 0 0 0 0 0 0 0 steals=0
15943 0 0 0 0 0 0 0 0 0 0 steals=0
16044 0 0 0 0 0 0 0 0 0 0 steals=0
16149 0 0 0 0 0 0 0 0 0 0 steals=0
16251 0 0 0 0 0 0 0 0 0 0 steals=0
16354 0 0 0 0 0 0 0 0 0 0 steals=0
16454 0 0 0 0 0 0 0 0 0 0 steals=0
16560 0 0 0 0 0 0 0 0 0 0 steals=0
16662 0 0 0 0 0 0 0 0 0 0 steals=0
16765 0 0 0 0 0 0 0 0 0 0 steals=0
16869 0 0 0 0 0 0 0 0 0 0 steals=0
16975 0 0 0 0 0 0 0 0 0 0 steals=0
17076 0 0 0 0 0 0 0 0 0 0 steals=0
17181 0 0 0 0 0 0 0 0 0 0 steals=0
17286 0 0 0 0 0 0 0 0 0 0 steals=0
17391 0 0 0 0 0 0 0 0 0 0 steals=0
17494 0 0 0 0 0 0 0 0 0 0 steals=0
17595 0 0 0 0 0 0 0 0 0 0 steals=0
17696 0 0 0 0 0 0 0 0 0 0 steals=0
17799 0 0 0 0 0 0 0 0 0 0 steals=0
17904 0 0 0 0 0 0 0 0 0 0 steals=0
18005 0 0 0 0 0 0 0 0 0 0 steals=0
18108 0 0 0 0 0 0 0 0 0 0 steals=0
18212 0 0 0 0 0 0 0 0 0 0 steals=0
18316 0 0 0 0 0 0 0 0 0 0 steals=0
18420 0 0 0 0 0 0 0 0 0 0 steals=0
18522 0 0 0 0 0 0 0 0 0 0 steals=0
18627 0 0 0 0 0 0 0 0 0 0 steals=0
18729 0 0 0 0 0 0 0 0 0 0 steals=0
18830 0 0 0 0 0 0 0 0 0 0 steals=0
18934 0 0 0 0 0 0 0 0 0 0 steals=0
19039 0 0 0 0 0 0 0 0 0 0 steals=0
19144 0 0 0 0 0 0 0 0 0 0 steals=0
19246 0 0 0 0 0 0 0 0 0 0 steals=0
19351 0 0 0 0 0 0 0 0 0 0 steals=0
19455 0 0 0 0 0 0 0 0 0 0 steals=0
19557 0 0 0 0 0 0 0 0 0 0 steals=0
19658 0 0 0 0 0 0 0 0 0 0 steals=0
19759 0 0 0 0 0 0 0 0 0 0 steals=0
19863 0 0 0 0 0 0 0 0 0 0 steals=0
19965 0 0 0 0 0 0 0 0 0 0 steals=0
20066 0 0 0 0 0 0 0 0 0 0 steals=0
20167 0 0 0 0 0 0 0 0 0 0 steals=0
20273 0 0 0 0 0 0 0 0 0 0 steals=0
