0 0 0 0 0 0 0 0 0 0 0 steals=0
105 1 0 0 0 0 0 0 0 0 0 steals=33
214 7 0 0 0 0 0 0 0 0 0 steals=98
316 4 0 0 0 0 0 0 0 0 0 steals=151
420 1 0 0 0 0 0 0 0 0 0 steals=211
531 3 0 0 0 0 0 0 0 0 0 steals=276
636 5 0 0 0 0 0 0 0 0 0 steals=332
736 1 0 0 0 0 0 0 0 0 0 steals=387
836 1 0 0 0 0 0 0 0 0 0 steals=443
946 8 0 0 0 0 0 0 0 0 0 steals=497
1052 0 0 0 0 0 0 0 0 0 0 steals=549
1155 10 0 0 0 0 0 0 0 0 0 steals=605
1256 2 0 0 0 0 0 0 0 0 0 steals=658
1357 9 0 0 0 0 0 0 0 0 0 steals=717
1461 1 0 0 0 0 0 0 0 0 0 steals=771
1566 0 0 0 0 0 0 0 0 0 0 steals=828
1675 6 0 0 0 0 0 0 0 0 0 steals=898
1779 3 0 0 0 0 0 0 0 0 0 steals=946
1880 1 0 0 0 0 0 0 0 0 0 steals=1005
1985 1 0 0 0 0 0 0 0 0 0 steals=1074
2087 10 0 0 0 0 0 0 0 0 0 steals=1135
2189 0 0 0 0 0 0 0 0 0 0 steals=1201
2294 2 0 0 0 0 0 0 0 0 0 steals=1269
2399 0 0 0 0 0 0 0 0 0 0 steals=1326
2500 0 0 0 0 0 0 0 0 0 0 steals=1391
2607 1 0 0 0 0 0 0 0 0 0 steals=1457
2718 4 0 0 0 0 0 0 0 0 0 steals=1514
2821 10 0 0 0 0 0 0 0 0 0 steals=1578
2927 1 0 0 0 0 0 0 0 0 0 steals=1633
3039 1 0 0 0 0 0 0 0 0 0 steals=1696
3144 0 0 0 0 0 0 0 0 0 0 steals=1732
3246 0 0 0 0 0 0 0 0 0 0 steals=1732
3347 0 0 0 0 0 0 0 0 0 0 steals=1732
3447 0 0 0 0 0 0 0 0 0 0 steals=1732
3552 0 0 0 0 0 0 0 0 0 0 steals=1732
3654 0 0 0 0 0 0 0 0 0 0 steals=1732
3759 0 0 0 0 0 0 0 0 0 0 steals=1732
3863 0 0 0 0 0 0 0 0 0 0 steals=1732
3968 0 0 0 0 0 0 0 0 0 0 steals=1732
4071 0 0 0 0 0 0 0 0 0 0 steals=1732
4174 0 0 0 0 0 0 0 0 0 0 steals=1732
4276 0 0 0 0 0 0 0 0 0 0 steals=1732
4378 0 0 0 0 0 0 0 0 0 0 steals=1732
4483 0 0 0 0 0 0 0 0 0 0 steals=1732
4588 0 0 0 0 0 0 0 0 0 0 steals=1732
4692 0 0 0 0 0 0 0 0 0 0 steals=1732
4797 0 0 0 0 0 0 0 0 0 0 steals=1732
4900 0 0 0 0 0 0 0 0 0 0 steals=1732
5001 0 0 0 0 0 0 0 0 0 0 steals=1732
5104 0 0 0 0 0 0 0 0 0 0 steals=1732
5209 0 0 0 0 0 0 0 0 0 0 steals=1732
5314 0 0 0 0 0 0 0 0 0 0 steals=1732
5419 0 0 0 0 0 0 0 0 0 0 steals=1732
5524 0 0 0 0 0 0 0 0 0 0 steals=1732
5628 0 0 0 0 0 0 0 0 0 0 steals=1732
5733 0 0 0 0 0 0 0 0 0 0 steals=1732
5838 0 0 0 0 0 0 0 0 0 0 steals=1732
5940 0 0 0 0 0 0 0 0 0 0 steals=1732
6045 0 0 0 0 0 0 0 0 0 0 steals=1732
6146 0 0 0 0 0 0 0 0 0 0 steals=1732
6251 2 0 0 0 0 0 0 0 0 0 steals=1741
6362 2 0 0 0 0 0 0 0 0 0 steals=1788
6467 3 0 0 0 0 0 0 0 0 0 steals=1828
6570 0 0 0 0 0 0 0 0 0 0 steals=1869
6677 2 0 0 0 0 0 0 0 0 0 steals=1916
6783 2 0 0 0 0 0 0 0 0 0 steals=1953
6893 1 0 0 0 0 0 0 0 0 0 steals=1995
7005 3 0 0 0 0 0 0 0 0 0 steals=2041
7110 0 0 0 0 0 0 0 0 0 0 steals=2080
7215 3 0 0 0 0 0 0 0 0 0 steals=2128
7317 1 0 0 0 0 0 0 0 0 0 steals=2170
7420 4 0 0 0 0 0 0 0 0 0 steals=2231
7524 1 0 0 0 0 0 0 0 0 0 steals=2285
7629 1 0 0 0 0 0 0 0 0 0 steals=2335
7736 1 0 0 0 0 0 0 0 0 0 steals=2396
7841 3 0 0 0 0 0 0 0 0 0 steals=2457
7941 1 0 0 0 0 0 0 0 0 0 steals=2512
8046 1 0 0 0 0 0 0 0 0 0 steals=2568
8148 1 0 0 0 0 0 0 0 0 0 steals=2622
8249 3 0 0 0 0 0 0 0 0 0 steals=2685
8354 1 0 0 0 0 0 0 0 0 0 steals=2742
8459 3 0 0 0 0 0 0 0 0 0 steals=2796
8564 1 0 0 0 0 0 0 0 0 0 steals=2844
8666 1 0 0 0 0 0 0 0 0 0 steals=2893
8768 1 0 0 0 0 0 0 0 0 0 steals=2948
8871 1 0 0 0 0 0 0 0 0 0 steals=3013
8974 3 0 0 0 0 0 0 0 0 0 steals=3074
9080 3 0 0 0 0 0 0 0 0 0 steals=3134
9184 1 0 0 0 0 0 0 0 0 0 steals=3195
9288 4 0 0 0 0 0 0 0 0 0 steals=3245
9393 1 0 0 0 0 0 0 0 0 0 steals=3303
9496 1 0 0 0 0 0 0 0 0 0 steals=3359
9597 1 0 0 0 0 0 0 0 0 0 steals=3412
9698 3 0 0 0 0 0 0 0 0 0 steals=3471
9801 4 0 0 0 0 0 0 0 0 0 steals=3525
9906 2 0 0 0 0 0 0 0 0 0 steals=3582
10011 2 0 0 0 0 0 0 0 0 0 steals=3641
10113 3 0 0 0 0 0 0 0 0 0 steals=3688
10217 1 0 0 0 0 0 0 0 0 0 steals=3743
10320 2 0 0 0 0 0 0 0 0 0 steals=3802
10421 1 0 0 0 0 0 0 0 0 0 steals=3858
10526 3 0 0 0 0 0 0 0 0 0 steals=3919
10631 2 0 0 0 0 0 0 0 0 0 steals=3980
10738 0 0 0 0 0 0 0 0 0 0 steals=4007
10840 3 0 0 0 0 0 0 0 0 0 steals=4035
10941 2 0 0 0 0 0 0 0 0 0 steals=4085
11046 3 0 0 0 0 0 0 0 0 0 steals=4136
11151 1 0 0 0 0 0 0 0 0 0 steals=4189
11254 3 0 0 0 0 0 0 0 0 0 steals=4248
11354 1 0 0 0 0 0 0 0 0 0 steals=4307
11458 4 0 0 0 0 0 0 0 0 0 steals=4367
11561 1 0 0 0 0 0 0 0 0 0 steals=4420
11665 1 0 0 0 0 0 0 0 0 0 steals=4473
11770 2 0 0 0 0 0 0 0 0 0 steals=4526
11871 1 0 0 0 0 0 0 0 0 0 steals=4580
11976 2 0 0 0 0 0 0 0 0 0 steals=4637
12081 3 0 0 0 0 0 0 0 0 0 steals=4696
12181 3 0 0 0 0 0 0 0 0 0 steals=4756
12286 1 0 0 0 0 0 0 0 0 0 steals=4814
12391 1 0 0 0 0 0 0 0 0 0 steals=4875
12498 3 0 0 0 0 0 0 0 0 0 steals=4932
12604 2 0 0 0 0 0 0 0 0 0 steals=4983
12704 1 0 0 0 0 0 0 0 0 0 steals=5030
12809 3 0 0 0 0 0 0 0 0 0 steals=5089
12911 1 0 0 0 0 0 0 0 0 0 steals=5145
13026 1 0 0 0 0 0 0 0 0 0 steals=5204
13131 1 0 0 0 0 0 0 0 0 0 steals=5261
13235 2 0 0 0 0 0 0 0 0 0 steals=5319
13338 3 0 0 0 0 0 0 0 0 0 steals=5377
13439 3 0 0 0 0 0 0 0 0 0 steals=5430
13543 5 0 0 0 0 0 0 0 0 0 steals=5488
13646 1 0 0 0 0 0 0 0 0 0 steals=5540
13749 0 0 0 0 0 0 0 0 0 0 steals=5601
13856 0 0 0 0 0 0 0 0 0 0 steals=5657
13960 1 0 0 0 0 0 0 0 0 0 steals=5708
14063 1 0 0 0 0 0 0 0 0 0 steals=5758
14166 1 0 0 0 0 0 0 0 0 0 steals=5817
14267 1 0 0 0 0 0 0 0 0 0 steals=5870
14367 1 0 0 0 0 0 0 0 0 0 steals=5921
14473 2 0 0 0 0 0 0 0 0 0 steals=5971
14583 2 0 0 0 0 0 0 0 0 0 steals=6027
14687 2 0 0 0 0 0 0 0 0 0 steals=6077
14791 1 0 0 0 0 0 0 0 0 0 steals=6136
14894 1 0 0 0 0 0 0 0 0 0 steals=6194
14996 3 0 0 0 0 0 0 0 0 0 steals=6253
15098 2 0 0 0 0 0 0 0 0 0 steals=6301
15203 3 0 0 0 0 0 0 0 0 0 steals=6358
15303 1 0 0 0 0 0 0 0 0 0 steals=6410
15406 3 0 0 0 0 0 0 0 0 0 steals=6469
15510 3 0 0 0 0 0 0 0 0 0 steals=6526
15613 1 0 0 0 0 0 0 0 0 0 steals=6584
15718 1 0 0 0 0 0 0 0 0 0 steals=6644
15820 4 0 0 0 0 0 0 0 0 0 steals=6699
15923 1 0 0 0 0 0 0 0 0 0 steals=6747
16025 1 0 0 0 0 0 0 0 0 0 steals=6799
16132 1 0 0 0 0 0 0 0 0 0 steals=6856
16235 0 0 0 0 0 0 0 0 0 0 steals=6914
16337 0 0 0 0 0 0 0 0 0 0 steals=6963
16439 1 0 0 0 0 0 0 0 0 0 steals=7020
16541 0 0 0 0 0 0 0 0 0 0 steals=7077
16645 2 0 0 0 0 0 0 0 0 0 steals=7138
16746 5 0 0 0 0 0 0 0 0 0 steals=7176
16847 3 0 0 0 0 0 0 0 0 0 steals=7230
16949 1 0 0 0 0 0 0 0 0 0 steals=7286
17050 1 0 0 0 0 0 0 0 0 0 steals=7346
17155 2 0 0 0 0 0 0 0 0 0 steals=7404
17261 1 0 0 0 0 0 0 0 0 0 steals=7454
17366 1 0 0 0 0 0 0 0 0 0 steals=7511
17470 1 0 0 0 0 0 0 0 0 0 steals=7572
17573 1 0 0 0 0 0 0 0 0 0 steals=7621
17676 4 0 0 0 0 0 0 0 0 0 steals=7671
17785 3 0 0 0 0 0 0 0 0 0 steals=7728
17886 1 0 0 0 0 0 0 0 0 0 steals=7781
17990 0 0 0 0 0 0 0 0 0 0 steals=7839
18092 3 0 0 0 0 0 0 0 0 0 steals=7897
18194 4 0 0 0 0 0 0 0 0 0 steals=7943
18298 1 0 0 0 0 0 0 0 0 0 steals=7998
18401 1 0 0 0 0 0 0 0 0 0 steals=8043
18509 2 0 0 0 0 0 0 0 0 0 steals=8103
18614 1 0 0 0 0 0 0 0 0 0 steals=8157
18724 3 0 0 0 0 0 0 0 0 0 steals=8209
18829 0 0 0 0 0 0 0 0 0 0 steals=8273
18935 1 0 0 0 0 0 0 0 0 0 steals=8318
19040 3 0 0 0 0 0 0 0 0 0 steals=8334
19141 0 0 0 0 0 0 0 0 0 0 steals=8375
19245 3 0 0 0 0 0 0 0 0 0 steals=8434
19345 3 0 0 0 0 0 0 0 0 0 steals=8485
19447 2 0 0 0 0 0 0 0 0 0 steals=8530
19547 1 0 0 0 0 0 0 0 0 0 steals=8572
19650 3 0 0 0 0 0 0 0 0 0 steals=8619
19755 5 0 0 0 0 0 0 0 0 0 steals=8630
19855 2 0 0 0 0 0 0 0 0 0 steals=8662
19959 3 0 0 0 0 0 0 0 0 0 steals=8702
20062 0 0 0 0 0 0 0 0 0 0 steals=8740
20166 0 0 0 0 0 0 0 0 0 0 steals=8779
20268 0 0 0 0 0 0 0 0 0 0 steals=8825
20368 0 0 0 0 0 0 0 0 0 0 steals=8842
20471 0 0 0 0 0 0 0 0 0 0 steals=8842
