0 0 0 0 0 0 0 0 0 0 0 steals=0
105 18 0 0 0 0 0 0 0 0 0 steals=0
206 18 0 0 0 0 0 0 0 0 0 steals=0
311 18 0 0 0 0 0 0 0 0 0 steals=0
414 18 0 0 0 0 0 0 0 0 0 steals=0
519 18 0 0 0 0 0 0 0 0 0 steals=0
623 18 0 0 0 0 0 0 0 0 0 steals=0
726 18 0 0 0 0 0 0 0 0 0 steals=0
831 18 0 0 0 0 0 0 0 0 0 steals=0
936 18 0 0 0 0 0 0 0 0 0 steals=0
1040 18 0 0 0 0 0 0 0 0 0 steals=0
1145 18 0 0 0 0 0 0 0 0 0 steals=0
1247 18 0 0 0 0 0 0 0 0 0 steals=0
1347 18 0 0 0 0 0 0 0 0 0 steals=0
1448 18 0 0 0 0 0 0 0 0 0 steals=0
1550 18 0 0 0 0 0 0 0 0 0 steals=0
1654 18 0 0 0 0 0 0 0 0 0 steals=0
1757 18 0 0 0 0 0 0 0 0 0 steals=0
1862 18 0 0 0 0 0 0 0 0 0 steals=0
1964 18 0 0 0 0 0 0 0 0 0 steals=0
2064 18 0 0 0 0 0 0 0 0 0 steals=0
2165 18 0 0 0 0 0 0 0 0 0 steals=0
2270 18 0 0 0 0 0 0 0 0 0 steals=0
2374 18 0 0 0 0 0 0 0 0 0 steals=0
2479 18 0 0 0 0 0 0 0 0 0 steals=0
2581 18 0 0 0 0 0 0 0 0 0 steals=0
2685 18 0 0 0 0 0 0 0 0 0 steals=0
2789 18 0 0 0 0 0 0 0 0 0 steals=0
2894 18 0 0 0 0 0 0 0 0 0 steals=0
2997 18 0 0 0 0 0 0 0 0 0 steals=0
3101 16 0 0 0 0 0 0 0 0 0 steals=0
3202 7 0 0 0 0 0 0 0 0 0 steals=0
3306 0 0 0 0 0 0 0 0 0 0 steals=0
3411 0 0 0 0 0 0 0 0 0 0 steals=0
3514 0 0 0 0 0 0 0 0 0 0 steals=0
3615 0 0 0 0 0 0 0 0 0 0 steals=0
3719 0 0 0 0 0 0 0 0 0 0 steals=0
3823 0 0 0 0 0 0 0 0 0 0 steals=0
3926 0 0 0 0 0 0 0 0 0 0 steals=0
4031 0 0 0 0 0 0 0 0 0 0 steals=0
4135 0 0 0 0 0 0 0 0 0 0 steals=0
4240 0 0 0 0 0 0 0 0 0 0 steals=0
4343 0 0 0 0 0 0 0 0 0 0 steals=0
4448 0 0 0 0 0 0 0 0 0 0 steals=0
4553 0 0 0 0 0 0 0 0 0 0 steals=0
4658 0 0 0 0 0 0 0 0 0 0 steals=0
4759 0 0 0 0 0 0 0 0 0 0 steals=0
4864 0 0 0 0 0 0 0 0 0 0 steals=0
4967 0 0 0 0 0 0 0 0 0 0 steals=0
5070 0 0 0 0 0 0 0 0 0 0 steals=0
5172 0 0 0 0 0 0 0 0 0 0 steals=0
5278 0 0 0 0 0 0 0 0 0 0 steals=0
5379 0 0 0 0 0 0 0 0 0 0 steals=0
5484 0 0 0 0 0 0 0 0 0 0 steals=0
5585 0 0 0 0 0 0 0 0 0 0 steals=0
5690 0 0 0 0 0 0 0 0 0 0 steals=0
5795 0 0 0 0 0 0 0 0 0 0 steals=0
5897 0 0 0 0 0 0 0 0 0 0 steals=0
6001 0 0 0 0 0 0 0 0 0 0 steals=0
6104 0 0 0 0 0 0 0 0 0 0 steals=0
6205 0 0 0 0 0 0 0 0 0 0 steals=0
6309 10 0 0 0 0 0 0 0 0 0 steals=0
6413 10 0 0 0 0 0 0 0 0 0 steals=0
6518 10 0 0 0 0 0 0 0 0 0 steals=0
6623 10 0 0 0 0 0 0 0 0 0 steals=0
6726 10 0 0 0 0 0 0 0 0 0 steals=0
6831 10 0 0 0 0 0 0 0 0 0 steals=0
6936 10 0 0 0 0 0 0 0 0 0 steals=0
7041 10 0 0 0 0 0 0 0 0 0 steals=0
7143 10 0 0 0 0 0 0 0 0 0 steals=0
7248 10 0 0 0 0 0 0 0 0 0 steals=0
7352 10 0 0 0 0 0 0 0 0 0 steals=0
7455 10 0 0 0 0 0 0 0 0 0 steals=0
7559 11 0 0 0 0 0 0 0 0 0 steals=0
7664 10 0 0 0 0 0 0 0 0 0 steals=0
7765 10 0 0 0 0 0 0 0 0 0 steals=0
7866 10 0 0 0 0 0 0 0 0 0 steals=0
7971 10 0 0 0 0 0 0 0 0 0 steals=0
8071 10 0 0 0 0 0 0 0 0 0 steals=0
8172 10 0 0 0 0 0 0 0 0 0 steals=0
8275 10 0 0 0 0 0 0 0 0 0 steals=0
8378 10 0 0 0 0 0 0 0 0 0 steals=0
8481 10 0 0 0 0 0 0 0 0 0 steals=0
8586 10 0 0 0 0 0 0 0 0 0 steals=0
8689 10 0 0 0 0 0 0 0 0 0 steals=0
8794 10 0 0 0 0 0 0 0 0 0 steals=0
8897 10 0 0 0 0 0 0 0 0 0 steals=0
9001 10 0 0 0 0 0 0 0 0 0 steals=0
9106 10 0 0 0 0 0 0 0 0 0 steals=0
9211 10 0 0 0 0 0 0 0 0 0 steals=0
9313 10 0 0 0 0 0 0 0 0 0 steals=0
9417 10 0 0 0 0 0 0 0 0 0 steals=0
9522 10 0 0 0 0 0 0 0 0 0 steals=0
9627 10 0 0 0 0 0 0 0 0 0 steals=0
9728 10 0 0 0 0 0 0 0 0 0 steals=0
9830 10 0 0 0 0 0 0 0 0 0 steals=0
9931 10 0 0 0 0 0 0 0 0 0 steals=0
10036 10 0 0 0 0 0 0 0 0 0 steals=0
10139 10 0 0 0 0 0 0 0 0 0 steals=0
10239 10 0 0 0 0 0 0 0 0 0 steals=0
10344 10 0 0 0 0 0 0 0 0 0 steals=0
10447 10 0 0 0 0 0 0 0 0 0 steals=0
10547 10 0 0 0 0 0 0 0 0 0 steals=0
10653 10 0 0 0 0 0 0 0 0 0 steals=0
10756 10 0 0 0 0 0 0 0 0 0 steals=0
10860 10 0 0 0 0 0 0 0 0 0 steals=0
10965 10 0 0 0 0 0 0 0 0 0 steals=0
11070 10 0 0 0 0 0 0 0 0 0 steals=0
11174 11 0 0 0 0 0 0 0 0 0 steals=0
11279 10 0 0 0 0 0 0 0 0 0 steals=0
11382 10 0 0 0 0 0 0 0 0 0 steals=0
11487 10 0 0 0 0 0 0 0 0 0 steals=0
11590 11 0 0 0 0 0 0 0 0 0 steals=0
11693 10 0 0 0 0 0 0 0 0 0 steals=0
11798 10 0 0 0 0 0 0 0 0 0 steals=0
11903 10 0 0 0 0 0 0 0 0 0 steals=0
12006 10 0 0 0 0 0 0 0 0 0 steals=0
12111 10 0 0 0 0 0 0 0 0 0 steals=0
12214 10 0 0 0 0 0 0 0 0 0 steals=0
12319 10 0 0 0 0 0 0 0 0 0 steals=0
12422 10 0 0 0 0 0 0 0 0 0 steals=0
12527 10 0 0 0 0 0 0 0 0 0 steals=0
12631 10 0 0 0 0 0 0 0 0 0 steals=0
12736 10 0 0 0 0 0 0 0 0 0 steals=0
12837 10 0 0 0 0 0 0 0 0 0 steals=0
12940 10 0 0 0 0 0 0 0 0 0 steals=0
13045 10 0 0 0 0 0 0 0 0 0 steals=0
13147 10 0 0 0 0 0 0 0 0 0 steals=0
13253 11 0 0 0 0 0 0 0 0 0 steals=0
13358 10 0 0 0 0 0 0 0 0 0 steals=0
13461 10 0 0 0 0 0 0 0 0 0 steals=0
13562 10 0 0 0 0 0 0 0 0 0 steals=0
13664 10 0 0 0 0 0 0 0 0 0 steals=0
13768 10 0 0 0 0 0 0 0 0 0 steals=0
13868 10 0 0 0 0 0 0 0 0 0 steals=0
13973 10 0 0 0 0 0 0 0 0 0 steals=0
14077 10 0 0 0 0 0 0 0 0 0 steals=0
14181 10 0 0 0 0 0 0 0 0 0 steals=0
14286 10 0 0 0 0 0 0 0 0 0 steals=0
14391 10 0 0 0 0 0 0 0 0 0 steals=0
14492 10 0 0 0 0 0 0 0 0 0 steals=0
14595 10 0 0 0 0 0 0 0 0 0 steals=0
14700 10 0 0 0 0 0 0 0 0 0 steals=0
14804 10 0 0 0 0 0 0 0 0 0 steals=0
14909 10 0 0 0 0 0 0 0 0 0 steals=0
15014 10 0 0 0 0 0 0 0 0 0 steals=0
15117 10 0 0 0 0 0 0 0 0 0 steals=0
15218 10 0 0 0 0 0 0 0 0 0 steals=0
15323 10 0 0 0 0 0 0 0 0 0 steals=0
15428 10 0 0 0 0 0 0 0 0 0 steals=0
15532 10 0 0 0 0 0 0 0 0 0 steals=0
15633 10 0 0 0 0 0 0 0 0 0 steals=0
15738 10 0 0 0 0 0 0 0 0 0 steals=0
15839 10 0 0 0 0 0 0 0 0 0 steals=0
15944 10 0 0 0 0 0 0 0 0 0 steals=0
16049 10 0 0 0 0 0 0 0 0 0 steals=0
16153 11 0 0 0 0 0 0 0 0 0 steals=0
16255 10 0 0 0 0 0 0 0 0 0 steals=0
16360 10 0 0 0 0 0 0 0 0 0 steals=0
16465 10 0 0 0 0 0 0 0 0 0 steals=0
16571 10 0 0 0 0 0 0 0 0 0 steals=0
16671 10 0 0 0 0 0 0 0 0 0 steals=0
16774 10 0 0 0 0 0 0 0 0 0 steals=0
16876 10 0 0 0 0 0 0 0 0 0 steals=0
16980 10 0 0 0 0 0 0 0 0 0 steals=0
17085 10 0 0 0 0 0 0 0 0 0 steals=0
17190 10 0 0 0 0 0 0 0 0 0 steals=0
17295 10 0 0 0 0 0 0 0 0 0 steals=0
17399 10 0 0 0 0 0 0 0 0 0 steals=0
17508 10 0 0 0 0 0 0 0 0 0 steals=0
17609 10 0 0 0 0 0 0 0 0 0 steals=0
17709 10 0 0 0 0 0 0 0 0 0 steals=0
17813 10 0 0 0 0 0 0 0 0 0 steals=0
17915 10 0 0 0 0 0 0 0 0 0 steals=0
18018 10 0 0 0 0 0 0 0 0 0 steals=0
18123 10 0 0 0 0 0 0 0 0 0 steals=0
18224 10 0 0 0 0 0 0 0 0 0 steals=0
18328 10 0 0 0 0 0 0 0 0 0 steals=0
18431 10 0 0 0 0 0 0 0 0 0 steals=0
18536 10 0 0 0 0 0 0 0 0 0 steals=0
18639 10 0 0 0 0 0 0 0 0 0 steals=0
18744 10 0 0 0 0 0 0 0 0 0 steals=0
18847 10 0 0 0 0 0 0 0 0 0 steals=0
18953 10 0 0 0 0 0 0 0 0 0 steals=0
19058 10 0 0 0 0 0 0 0 0 0 steals=0
19163 10 0 0 0 0 0 0 0 0 0 steals=0
19267 10 0 0 0 0 0 0 0 0 0 steals=0
19369 10 0 0 0 0 0 0 0 0 0 steals=0
19472 10 0 0 0 0 0 0 0 0 0 steals=0
19577 10 0 0 0 0 0 0 0 0 0 steals=0
19682 10 0 0 0 0 0 0 0 0 0 steals=0
19788 10 0 0 0 0 0 0 0 0 0 steals=0
19889 10 0 0 0 0 0 0 0 0 0 steals=0
19993 10 0 0 0 0 0 0 0 0 0 steals=0
20097 10 0 0 0 0 0 0 0 0 0 steals=0
20201 10 0 0 0 0 0 0 0 0 0 steals=0
20302 9 0 0 0 0 0 0 0 0 0 steals=0
